-0.289041
0.669022
0.554002
0.096878
0.089295
0.179169
0.136571
-0.244509
0.240651
0.599027
0.147557
-0.063677
0.375079
0.663493
-0.153431
0.116117
0.369435
-0.145157
0.246015
0.158926
0.172105
-0.050792
0.335027
0.335027
-0.054105
-0.130450
0.401720
-0.433310
0.143541
-0.081971
0.666445
-0.045201
0.225261
0.010384
0.225261
0.645009
0.629519
0.198856
0.090205
-0.340779
0.090205
0.090205
0.244918
0.090205
0.090205
-0.007796
1.122449
0.412966
0.630967
0.165670
0.211033
0.141114
0.445998
-0.043363
0.148695
0.148695
0.271426
-0.007882
0.322377
-0.037142
0.083534
0.035439
0.224758
0.035332
0.096080
0.077964
0.036529
0.074893
0.775199
-0.315667
0.504083
0.566056
0.235134
0.480308
0.129158
0.129158
0.154218
-0.013422
0.140319
-0.048634
0.360599
0.145031
-0.068400
0.145031
0.285322
0.111734
0.016851
0.285322
0.285322
0.248327
0.131634
-0.167379
0.103187
0.208293
1.121447
0.103187
0.439904
-0.399520
0.227198
0.366259
-0.350626
0.288289
0.471737
0.471737
0.140732
0.451236
0.292626
0.025060
0.311290
0.451285
0.068751
0.347789
0.086050
0.086050
0.320438
0.320438
0.434946
0.170969
0.348238
0.068240
0.381849
-0.103063
0.190608
0.190608
-0.136121
0.277901
0.277901
0.131131
0.256263
0.181115
-0.201027
-0.282003
0.102223
-0.525657
0.135537
0.290674
0.135537
0.384189
0.112933
0.042598
0.042598
0.344936
0.460756
-0.807879
-1.096954
-0.213577
-0.290657
-0.213577
-0.419036
-0.227009
0.416696
-0.432469
-1.129651
-0.386416
-0.874428
-0.890259
-0.494488
0.017661
-0.378738
-0.398507
-0.276208
-0.260308
-0.768937
-0.497428
-0.220337
-0.218194
-0.472936
-0.198182
-0.189175
-0.189175
-0.031930
-0.301917
-0.301917
-0.301917
-0.281756
-0.336170
-0.135050
-0.369855
-0.584626
-0.511041
-0.129727
-0.453593
-1.001807
0.143659
-0.291377
-0.197042
-0.445225
0.033683
-0.394930
-0.189694
-0.226256
-0.189694
0.056966
-0.173588
-0.173588
-0.173588
-0.173588
-0.270566
-0.270566
-0.092741
-0.092741
-0.501081
-0.184539
-0.184539
-0.351795
-0.190667
-0.492027
-0.441951
-0.214113
-0.073867
-0.283633
-0.283633
-0.372484
-0.293672
-0.004868
-0.099316
-0.218225
-0.680937
-0.298348
-0.090199
-0.090199
-0.622917
-0.471793
-0.201120
0.059549
-0.354470
-0.191793
-0.191793
0.314778
0.064581
0.064581
-0.676582
0.064581
0.288807
0.261957
0.243604
0.030172
0.243604
0.369717
0.370405
0.326945
0.029041
0.122683
0.122683
0.197376
0.197376
0.189448
-0.193088
-0.009705
0.320420
-0.172121
0.160821
0.158682
0.158682
0.347623
0.188844
0.165453
-0.027729
0.165453
0.049837
0.195719
0.195719
0.195719
0.240216
0.240216
0.239179
0.024637
0.239179
0.247490
0.247490
0.247490
0.051124
0.284664
0.284664
-0.256111
-0.265866
-0.138214
-0.138214
-0.287970
-0.106225
-0.308568
-0.308568
-0.558484
-0.157716
-0.157716
-0.213114
-0.321980
-0.199681
-0.122191
-0.088851
-0.315644
-0.132634
-0.205200
-0.268471
-0.214541
-0.162918
-0.636778
-0.228443
-0.228443
-0.228443
-0.193770
0.344314
-0.272173
-0.272173
-0.184348
-0.214286
-0.214286
-0.214286
-0.213432
-0.213432
-0.213432
-0.286545
-0.286545
-0.162677
-0.162677
-0.162677
-0.360444
-0.315656
-0.112958
-0.206259
-0.206259
-0.206259
-0.226283
-0.226283
-0.301018
-0.301018
-0.140735
-0.140735
-0.434873
-0.153314
-0.274491
0.109888
-0.131870
0.225000
0.225000
0.267184
-0.026101
0.260669
0.260669
0.578708
0.163540
0.163540
0.343762
0.246396
0.605479
0.121779
0.190821
0.190821
0.190821
0.187179
0.187179
0.290392
0.290392
0.596498
0.408934
1.050206
0.943590
0.200455
0.200455
0.315990
0.334039
0.334039
0.376466
0.230628
-0.306498
-0.094335
-0.323867
-0.706400
-0.498024
-0.142580
-0.142580
-0.281822
-0.200474
-0.238840
-0.238840
0.285014
-0.161293
-0.234805
-0.106144
-0.270883
-0.317285
-0.220957
-0.186005
0.334448
0.629870
0.334448
0.107952
0.263977
0.400919
0.115005
0.384135
0.329898
0.580467
0.211019
0.404194
-0.271116
-0.317508
-0.280857
-0.178901
0.400418
0.488417
-0.179098
-0.263316
-0.544992
-0.275960
-0.270952
-0.191935
0.288288
0.288288
0.279038
0.400139
0.310488
0.417205
-0.278463
-0.269779
